variable <- 5*10;
